1	4.5 	10.6 	-1.9 	16.8 	-6.5 
2	5.8 	11.8 	-0.1 	23.0 	-4.8 
3	8.8 	13.7 	3.7 	21.2 	-4.0 
4	14.4 	19.4 	9.7 	27.3 	1.2 
5	18.5 	23.8 	13.2 	29.4 	9.8 
6	0.0	0.0	0.0	0.0	0.0
7	0.0	0.0	0.0	0.0	0.0
8	0.0	0.0	0.0	0.0	0.0
9	0.0	0.0	0.0	0.0	0.0
10	0.0	0.0	0.0	0.0	0.0
11	0.0	0.0	0.0	0.0	0.0
12	0.0	0.0	0.0	0.0	0.0
1	4.5		9.9		-1.2	17.1	-6.2
2	4.4		9.7		-0.9	17.7	-7.2
3	8.9		14.8	2.9		23.8	-4.7
4	13.3	18.7	7.8		28.0	0.9
5	19.2	25.0	13.5	28.6	6.0
6	20.8	25.3	16.8	29.6	11.5
7	25.3	29.8	21.9	34.4	18.1
8	25.6	29.9	22.7	36.8	18.7
9	22.0	26.0	18.8	30.9	12.0
10	17.4	22.1	12.6	27.3	4.4
11	13.4	17.8	8.9		24.0	-1.2
12	8.0		13.1	2.5		24.0	-4.8
1	3.8		10.0	-3.3	15.7	-8.1
2	4.4		9.6		-0.8	19.9	-6.2
3	8.4		14.0	2.1		22.1	-5.2
4	12.8	18.7	6.4		23.4	-2.1
5	17.9	23.6	11.8	29.8	6.9
6	21.5	25.8	17.9	30.5	15.3
7	24.6	29.2	21.0	34.3	18.1
8	25.9	30.5	22.1	35.5	18.1
9	21.1	25.5	17.2	30.2	13.5
10	17.1	21.9	12.4	30.9	3.6
11	12.4	17.3	7.0		21.4	-0.3
12	5.4		11.0	-0.8	18.9	-5.7
1	2.7		8.5		-3.5	13.4	-7.5
2	3.7		9.0		-2.3	18.5	-8.9
3	10.4	15.9	4.8		23.8	-1.7
4	13.1	18.1	6.8		23.5	-0.3
5	17.1	22.6	11.8	27.3	0.8
6	20.6	24.9	17.3	30.4	11.3
7	24.9	30.0	21.1	34.0	16.1
8	27.0	32.2	23.0	36.9	18.7
9	23.2	27.8	18.8	34.8	10.3
10	18.5	22.4	14.7	30.3	6.3
11	11.0	16.9	4.2		20.8	-2.8
12	5.8		11.6	-0.3	16.9	-6.7
1	2.5		7.9		-3.5	10.9	-8.4
2	3.6		8.7		-1.8	16.4	-8.5
3	7.3		12.1	2.3		19.1	-3.3
4	12.6	17.9	6.9		25.3	-1.4
5	17.7	22.8	13.0	26.9	6.0
6	19.3	23.4	15.7	29.5	11.3
7	24.5	29.0	21.1	34.1	17.0
8	26.5	31.4	22.4	33.4	19.0
9	24.0	28.5	20.7	32.0	15.2
10	17.4	22.0	12.6	29.8	6.4
11	10.5	15.9	4.5		20.9	-0.9
12	4.5		10.1	-2.0	17.3	-8.4
1	2.8		8.7		-3.9	12.4	-7.5
2	5.5		10.9	-0.5	21.1	-6.8
3	6.2		12.1	0.0		20.3	-4.2
4	12.9	18.6	6.7		24.6	-1.2
5	16.8	21.3	12.4	27.9	7.6
6	21.1	25.0	17.3	32.4	10.1
7	25.4	30.0	21.5	35.8	16.1
8	25.8	30.4	22.6	35.2	19.6
9	23.6	28.4	19.9	32.8	12.5
10	17.7	22.3	13.2	28.6	5.8
11	12.6	17.8	7.5		22.2	-1.0
12	5.1		10.8	-0.9	19.9	-6.6
1	4.2 	10.3 	-2.9 	17.4 	-7.2 
2	4.7 	9.7 	-0.3 	21.5 	-6.2 
3	7.7 	12.5 	2.8 	24.9 	-2.9 
4	10.9 	16.2 	6.3 	24.1 	0.5 
5	17.1 	22.2 	12.0 	29.2 	6.4 
6	21.3 	26.1 	17.1 	30.9 	7.1 
7	26.0 	30.8 	22.0 	34.2 	18.3 
8	27.4 	33.1 	23.1 	35.6 	21.1 
9	23.4 	28.5 	19.4 	35.5 	8.4 
10	17.6 	21.1 	14.6 	27.1 	8.1 
11	11.5 	16.9 	5.6 	21.0 	-1.5 
12	7.9 	13.6 	1.9 	23.1 	-5.0 
1	4.7 	9.5 	-0.2 	14.6 	-5.5 
2	5.9 	10.9 	0.4 	24.4 	-4.7 
3	8.3 	13.2 	2.7 	22.3 	-2.0 
4	13.5 	19.4 	7.7 	25.2 	-1.7 
5	18.0 	22.7 	13.7 	29.1 	7.6 
6	20.3 	24.3 	16.9 	31.1 	10.4 
7	24.6 	28.5 	21.4 	33.1 	17.6 
8	24.3 	28.3 	21.1 	32.8 	16.9 
9	20.8 	24.9 	17.5 	29.9 	13.0 
10	16.8 	21.4 	12.4 	26.7 	6.5 
11	11.6 	16.4 	6.5 	25.3 	-0.1 
12	6.7 	11.9 	0.6 	16.0 	-6.8 
1	3.6	8.6	-1.5	14.2	-5.7
2	3.5	8.7	-1.9	15.6	-7
3	8.6	13.8	2.7	20.6	-3.7
4	12.3	16.9	7.9	25.6	1.2
5	16.3	20.4	12.8	26.8	8.3
6	19.4	23.4	15.9	27.4	10.4
7	24.6	29	21.2	32.9	16.7
8	25.3	29.4	22.1	34.1	18.3
9	22.4	26.1	19.1	31	13.1
10	17.5	21.8	13.2	24.8	6.9
11	11.4	15.7	6.9	21.2	0.3
12	7.8	13.1	2.1	20.5	-3.5
2007
1	5.2 	10.0 	0.3 	14.8 	-4.0 
2	6.6 	12.0 	0.5 	18.2 	-4.1 
3	8.9 	14.4 	2.6 	23.3 	-4.2 
4	12.4 	17.0 	7.7 	25.2 	0.5 
5	17.7 	22.8 	12.1 	28.7 	6.1 
6	21.1 	25.9 	17.0 	30.0 	10.9 
7	22.5 	25.8 	19.8 	31.7 	17.3 
8	26.9 	32.0 	22.7 	36.6 	19.2 
9	23.7 	27.6 	20.6 	32.3 	15.3 
10	17.3 	21.4 	13.3 	25.3 	6.8 
11	11.1 	15.8 	6.2 	21.0 	-0.3 
12	6.7 	12.3 	0.8 	16.1 	-3.4 
1	2.5 	7.0 	-2.6 	14.6 	-6.8 
2	5.0 	9.9 	0.3 	21.0 	-6.9 
3	8.1 	13.2 	2.5 	18.9 	-3.3 
4	12.0 	16.6 	6.8 	22.2 	-1.8 
5	17.4 	21.6 	13.3 	28.1 	6.2 
6	20.6 	24.1 	17.5 	29.7 	12.4 
7	23.9 	27.3 	21.5 	34.2 	18.7 
8	25.3 	29.4 	21.9 	33.4 	17.8 
9	22.1 	25.8 	18.9 	32.5 	15.1 
10	17.9 	22.3 	13.9 	26.3 	8.9 
11	12.7 	17.1 	7.8 	23.4 	1.5 
12	7.5 	11.7 	2.7 	18.9 	-2.6 
1	4.3 	9.5 	-1.5 	17.4 	-5.6 
2	4.2 	9.0 	-1.1 	16.2 	-6.1 
3	7.0 	12.2 	0.9 	18.3 	-5.1 
4	13.2 	18.8 	7.4 	28.3 	-1.5 
5	15.1 	20.0 	10.5 	26.8 	2.9 
6	21.0 	25.2 	17.4 	33.8 	12.2 
7	23.6 	27.7 	20.1 	34.0 	16.7 
8	25.9 	30.3 	22.6 	33.7 	17.8 
9	22.9 	27.0 	19.5 	33.0 	12.8 
10	17.8 	21.4 	14.2 	29.9 	8.3 
11	10.6 	16.3 	4.1 	23.3 	-0.6 
12	3.5 	9.1 	-2.7 	13.8 	-7.1 
1	3.6 	8.9 	-2.0 	14.9 	-6.3 
2	6.0 	12.2 	-0.6 	21.5 	-6.0 
3	7.8 	13.3 	2.0 	22.2 	-4.8 
4	14.1 	20.1 	7.9 	29.6 	3.1 
5	17.6 	22.0 	13.5 	30.3 	8.9 
6	21.1 	25.9 	16.3 	32.4 	7.8 
7	25.9 	31.4 	21.4 	38.4 	15.3 
8	25.3 	29.8 	21.2 	34.7 	15.0 
9	23.3 	27.3 	19.7 	32.3 	13.9 
10	16.1 	19.9 	12.5 	27.2 	4.2 
11	13.4 	18.0 	8.8 	23.4 	3.2 
12	7.8 	12.5 	2.8 	24.2 	-3.2 
1	3.2 	8.3 	-2.6 	13.4 	-8.9 
2	4.2 	8.8 	-0.6 	13.3 	-5.5 
3	6.7 	12.0 	0.5 	20.3 	-4.8 
4	13.3 	18.0 	8.2 	27.7 	0.5 
5	16.7 	20.9 	12.3 	26.4 	5.1 
6	21.1 	25.2 	17.4 	31.9 	11.9 
7	20.8 	24.2 	18.0 	32.7 	15.0 
8	24.1 	28.2 	21.0 	33.8 	17.8 
9	22.2 	26.8 	18.4 	33.8 	9.4 
10	15.9 	20.2 	11.4 	28.1 	6.0 
11	13.1 	16.7 	9.0 	24.0 	0.4 
12	6.4 	12.2 	0.8 	17.3 	-6.3 